15863724
16837425
17468253
17582463
25713864
25741863
27368514
27581463
35281746
35286471
35841726
36418572
36428571
37285146
37286415
42586137
42857136
42861357
46827135
46831752
47526138
47531682
51468273
52468317
52473861
52814736
57138642
57142863
57413862
58413627
58417263
61528374
62713584
62714853
63724815
63728514
63741825
64285713
68241753
72418536
73168524
73825164
75316824
82417536
84136275
26174835
28613574
35714286
36814752
36815724
36824175
38471625
42736815
42736851
42751863
47185263
48136275
48157263
51842736
51863724
53168247
53172864
57248136
57263148
57263184
63175824
63184275
63185247
64158273
74258136
74286135
83162574
24683175
26831475
31758246
36258174
36271485
36275184
41582736
41586372
46152837
47382516
48531726
52617483
53847162
63571428
63581427
64713528
64718253
71386425
72631485
82531746
